a:4:{s:4:"hash";s:0:"";s:5:"mtime";i:1530206896;s:6:"expire";i:9999999999;s:4:"tags";s:34:"365_MGT_DEVELOPER_TOOLBAR,365_MAGE";}
a:12:{i:0;a:4:{s:2:"id";s:21:"cache_frontend_create";s:3:"sum";d:0.0012609958648682;s:3:"avg";d:0.00063049793243408;s:5:"count";i:2;}i:1;a:4:{s:2:"id";s:10:"cache_load";s:3:"sum";d:0.0025067329406738;s:3:"avg";d:0.00062668323516846;s:5:"count";i:4;}i:2;a:4:{s:2:"id";s:13:"store.resolve";s:3:"sum";d:0.0058019161224365;s:3:"avg";d:0.0058019161224365;s:5:"count";i:1;}i:3;a:4:{s:2:"id";s:36:"store.resolve->cache_frontend_create";s:3:"sum";d:0.00013399124145508;s:3:"avg";d:6.6995620727539E-5;s:5:"count";i:2;}i:4;a:4:{s:2:"id";s:25:"store.resolve->cache_load";s:3:"sum";d:0.00011396408081055;s:3:"avg";d:5.6982040405273E-5;s:5:"count";i:2;}i:5;a:4:{s:2:"id";s:7:"magento";s:3:"sum";d:0.018653869628906;s:3:"avg";d:0.018653869628906;s:5:"count";i:1;}i:6;a:4:{s:2:"id";s:19:"magento->cache_load";s:3:"sum";d:0.00067925453186035;s:3:"avg";d:0.00013585090637207;s:5:"count";i:5;}i:7;a:4:{s:2:"id";s:52:"magento->EVENT:controller_front_send_response_before";s:3:"sum";d:0.007361888885498;s:3:"avg";d:0.007361888885498;s:5:"count";i:1;}i:8;a:4:{s:2:"id";s:64:"magento->EVENT:controller_front_send_response_before->cache_load";s:3:"sum";d:0.00014805793762207;s:3:"avg";d:7.4028968811035E-5;s:5:"count";i:2;}i:9;a:4:{s:2:"id";s:99:"magento->EVENT:controller_front_send_response_before->OBSERVER:mgt_developer_toolbar_data_collector";s:3:"sum";d:0.0066869258880615;s:3:"avg";d:0.0066869258880615;s:5:"count";i:1;}i:10;a:4:{s:2:"id";s:111:"magento->EVENT:controller_front_send_response_before->OBSERVER:mgt_developer_toolbar_data_collector->cache_load";s:3:"sum";d:0.00015997886657715;s:3:"avg";d:7.9989433288574E-5;s:5:"count";i:2;}i:11;a:4:{s:2:"id";s:114:"magento->EVENT:controller_front_send_response_before->OBSERVER:mgt_developer_toolbar_data_collector->session_start";s:3:"sum";d:0.00021791458129883;s:3:"avg";d:0.00021791458129883;s:5:"count";i:1;}}